18610
2386
14148
3689
5303
4746
2831
7924
12437
693
27259
32549
27111
18775
15889
4145
3224
29692
18748
933
20635
13595
9635
14688
20444
21056
2230
16094
6263
15722
1927
21437
12073
23986
19676
6009
5635
19246
30082
17531
11110
533
1764
7250
29995
20772
13276
26944
11298
1856
25544
14584
7102
9308
12257
13478
10766
4509
19144
14896
7151
9404
1634
6843
27009
29357
27622
8818
14039
13694
6708
19842
17651
18817
24169
20073
28401
1453
15024
18801
1922
29506
20315
26999
10908
10412
23090
12785
22384
19370
16394
12848
26269
32431
21658
32226
12451
15753
21643
3802
