1868
2031
2365
3421
3525
4059
4244
4818
5325
5890
6012
6328
6798
7706
7977
8012
8225
8611
8902
9135
9262
9824
9963
10065
10354
11832
11864
12194
12374
12487
12551
12708
13331
14151
14608
15615
15861
15881
16352
16692
16769
16881
16882
16885
17362
17386
17652
18294
18607
18647
18709
18751
18754
19062
19102
19150
19290
19688
20100
20114
20507
20587
20677
20975
21126
21295
21903
21911
22711
22940
23094
23383
24144
25321
25393
25527
25841
26297
26649
27563
27865
28185
28317
28722
28844
28979
29920
30102
30262
30415
30509
30700
30862
31300
31402
32017
32034
32081
32183
32327
