923
1367
1698
1700
1763
1795
2210
2393
2665
2827
3836
3871
4944
5194
5268
5898
6169
6425
6558
6762
6847
6859
6952
7269
7364
7552
8170
8840
9435
9661
9696
10045
10129
10183
10304
10707
10843
10967
11820
11947
12309
12367
12666
12742
13070
14033
15185
15546
15903
16377
16415
17250
17582
17609
17798
18391
18706
18757
18942
19101
20342
20604
20905
21120
21567
21660
21708
22096
22109
22218
22318
22518
22909
23004
23645
23660
24141
24944
24952
25262
25612
26023
26200
27180
27181
27312
27396
28726
29722
29942
29963
30385
30446
30531
30696
31077
31098
31496
31604
32608
