18757
27312
31604
5194
10707
17609
11820
7269
1795
18942
20604
1763
7552
9696
31496
30696
30385
6859
2827
10967
10045
22109
29942
2665
22218
27181
10843
3836
29963
15546
5898
22318
16377
1698
31098
11947
32608
12309
6762
30531
6558
8840
10183
10304
26023
25262
14033
22518
24141
1700
12666
923
6847
23660
13070
2393
12367
21660
6169
2210
24952
1367
17798
7364
15903
22909
27396
9661
6425
16415
17582
4944
30446
28726
8170
26200
23004
5268
10129
23645
3871
29722
15185
31077
24944
27180
22096
25612
21708
17250
18706
18391
20342
21120
19101
12742
21567
20905
9435
6952
